var o, p;
o = [
	Array.prNew(2),  List.prNew,  Array.prNew(4),  Point.prNew,  
	Point.prNew,  Point.prNew,  Point.prNew,  List.prNew,  
	Array.prNew(4),  Array.prNew(2),  Array.prNew(126),  Array.prNew(2),  
	Array.prNew(126),  Array.prNew(2),  Array.prNew(126),  Array.prNew(2),  
	Array.prNew(126)
];
p = [
	// Array
	0, [ o[1],  o[7] ],  
	// List
	1, [ array: o[2] ],  
	// Array
	2, [ o[3],  o[4],  o[5],  o[6] ],  
	// Point
	3, [ x: 21.000000,  y: 92.000000 ],  
	// Point
	4, [ x: 177.000000,  y: 15.000000 ],  
	// Point
	5, [ x: 50.000000,  y: 25.000000 ],  
	// Point
	6, [ x: 149.000000,  y: 99.000000 ],  
	// List
	7, [ array: o[8] ],  
	// Array
	8, [ o[9],  o[11],  o[13],  o[15] ],  
	// Array
	9, [ o[3],  o[10] ],  
	// Array
	10, [ 0.000000,  -1.000000,  0.500000,  0.500000,  
		0.100000,  0.000000,  0.000000,  0.050000,  
		0.000000,  -1.000000,  0.000000,  0.500000,  
		8.000000,  0.500000,  0.000000,  0.000000,  
		-1.000000,  0.800000,  0.000000,  2.000000,  
		0.000000,  1.000000,  0.113000,  1.813000,  
		1.000000,  0.000000,  -1.000000,  0.800000,  
		0.500000,  0.000000,  -1.000000,  0.000000,  
		0.100000,  0.100000,  0.250000,  0.100000,  
		0.500000,  1.000000,  -0.993000,  0.800000,  
		0.299000,  0.000000,  -1.000000,  0.500000,  
		0.500000,  0.400000,  0.300000,  0.000000,  
		0.200000,  4.000000,  0.000000,  0.000000,  
		-1.000000,  0.500000,  0.000000,  0.000000,  
		0.000000,  0.000000,  1.000000,  2.000000,  
		0.140000,  5.000000,  0.700000,  0.000000,  
		5.000000,  1.000000,  0.500000,  0.500000,  
		0.000000,  0.000000,  0.000000,  -1.000000,  
		0.080000,  0.050000,  0.100000,  0.000000,  
		0.000000,  -1.000000,  0.375000,  0.800000,  
		0.001000,  400.000000,  5000.000000,  0.000000,  
		1.000000,  0.000000,  0.200000,  0.000000,  
		-1.000000,  1.000000,  300.000000,  0.000000,  
		0.000000,  1.000000,  0.300000,  0.000000,  
		1.000000,  0.000000,  0.000000,  0.004000,  
		0.050000,  1.000000,  0.000000,  -1.000000,  
		5.000000,  10000.000000,  0.000000,  -1.000000,  
		0.500000,  0.400000,  0.000000,  0.200000,  
		0.000000,  -1.000000,  200.000000,  0.000000,  
		-1.000000,  1500.000000,  0.500000,  0.010000,  
		0.000000,  1.000000,  0.500000,  0.500000,  
		0.000000,  0.000000 ],  
	// Array
	11, [ o[4],  o[12] ],  
	// Array
	12, [ 0.000000,  -1.000000,  0.500000,  0.500000,  
		0.100000,  0.000000,  0.000000,  0.050000,  
		0.000000,  -1.000000,  0.000000,  0.500000,  
		8.000000,  0.500000,  0.000000,  0.000000,  
		-1.000000,  0.800000,  0.000000,  2.000000,  
		0.000000,  1.000000,  0.190000,  1.819000,  
		1.000000,  0.000000,  -1.000000,  0.800000,  
		0.500000,  0.000000,  -1.000000,  0.000000,  
		0.100000,  0.100000,  0.250000,  0.100000,  
		0.500000,  1.000000,  -1.000000,  0.800000,  
		0.300000,  0.000000,  -1.000000,  0.500000,  
		0.500000,  0.400000,  0.300000,  0.000000,  
		0.200000,  4.000000,  0.000000,  0.000000,  
		-1.000000,  0.500000,  0.000000,  0.000000,  
		0.000000,  0.000000,  1.000000,  2.000000,  
		0.140000,  5.000000,  0.700000,  0.000000,  
		5.000000,  1.000000,  0.500000,  0.500000,  
		0.000000,  0.000000,  0.000000,  -1.000000,  
		0.080000,  0.050000,  0.100000,  0.000000,  
		0.000000,  -1.000000,  0.375000,  0.800000,  
		0.001000,  400.000000,  5000.000000,  0.000000,  
		1.000000,  0.000000,  0.200000,  0.000000,  
		-1.000000,  1.000000,  300.000000,  0.000000,  
		0.000000,  1.000000,  0.300000,  0.000000,  
		1.000000,  0.000000,  0.000000,  0.004000,  
		0.050000,  1.000000,  0.000000,  -1.000000,  
		5.000000,  10000.000000,  0.000000,  -1.000000,  
		0.500000,  0.400000,  0.000000,  0.200000,  
		0.000000,  -1.000000,  200.000000,  0.000000,  
		-1.000000,  1500.000000,  0.500000,  0.010000,  
		0.000000,  1.000000,  0.500000,  0.500000,  
		0.000000,  0.000000 ],  
	// Array
	13, [ o[5],  o[14] ],  
	// Array
	14, [ 0.000000,  -1.000000,  0.500000,  0.500000,  
		0.100000,  0.000000,  0.000000,  0.050000,  
		0.000000,  -1.000000,  0.000000,  0.500000,  
		8.000000,  0.500000,  0.000000,  0.000000,  
		-1.000000,  0.800000,  0.000000,  2.000000,  
		0.000000,  1.000000,  0.114000,  0.062000,  
		1.000000,  0.000000,  -1.000000,  0.800000,  
		0.500000,  0.000000,  -1.000000,  0.000000,  
		0.100000,  0.100000,  0.250000,  0.100000,  
		0.500000,  1.000000,  1.000000,  0.779000,  
		0.005000,  0.000000,  -1.000000,  0.500000,  
		0.500000,  0.400000,  0.300000,  0.000000,  
		0.200000,  4.000000,  0.000000,  0.000000,  
		-1.000000,  0.500000,  0.000000,  0.000000,  
		0.000000,  0.000000,  1.000000,  2.000000,  
		0.140000,  5.000000,  0.700000,  0.000000,  
		5.000000,  1.000000,  0.500000,  0.500000,  
		0.000000,  0.000000,  0.000000,  -1.000000,  
		0.080000,  0.050000,  0.100000,  0.000000,  
		0.000000,  -1.000000,  0.375000,  0.800000,  
		0.001000,  400.000000,  5000.000000,  0.000000,  
		1.000000,  0.000000,  0.200000,  0.000000,  
		-1.000000,  1.000000,  300.000000,  0.000000,  
		0.000000,  1.000000,  0.300000,  0.000000,  
		1.000000,  0.000000,  0.000000,  0.004000,  
		0.050000,  1.000000,  0.000000,  -1.000000,  
		5.000000,  10000.000000,  0.000000,  -1.000000,  
		0.500000,  0.400000,  0.000000,  0.200000,  
		0.000000,  -1.000000,  200.000000,  0.000000,  
		-1.000000,  1500.000000,  0.500000,  0.010000,  
		0.000000,  1.000000,  0.500000,  0.500000,  
		0.000000,  0.000000 ],  
	// Array
	15, [ o[6],  o[16] ],  
	// Array
	16, [ 0.000000,  -1.000000,  0.500000,  0.500000,  
		0.100000,  0.000000,  0.000000,  0.050000,  
		0.000000,  -1.000000,  0.000000,  0.500000,  
		8.000000,  0.500000,  0.000000,  0.000000,  
		-1.000000,  0.800000,  0.000000,  2.000000,  
		0.000000,  1.000000,  0.152000,  1.369000,  
		1.000000,  0.000000,  -1.000000,  0.800000,  
		0.500000,  0.000000,  -1.000000,  0.000000,  
		0.100000,  0.100000,  0.250000,  0.100000,  
		0.500000,  1.000000,  -1.000000,  0.000000,  
		0.001000,  0.000000,  -1.000000,  0.500000,  
		0.500000,  0.400000,  0.300000,  0.000000,  
		0.200000,  4.000000,  0.000000,  0.000000,  
		-1.000000,  0.500000,  0.000000,  0.000000,  
		0.000000,  0.000000,  1.000000,  2.000000,  
		0.140000,  5.000000,  0.700000,  0.000000,  
		5.000000,  1.000000,  0.500000,  0.500000,  
		0.000000,  0.000000,  0.000000,  -1.000000,  
		0.080000,  0.050000,  0.100000,  0.000000,  
		0.000000,  -1.000000,  0.375000,  0.800000,  
		0.001000,  400.000000,  5000.000000,  0.000000,  
		1.000000,  0.000000,  0.200000,  0.000000,  
		-1.000000,  1.000000,  300.000000,  0.000000,  
		0.000000,  1.000000,  0.300000,  0.000000,  
		1.000000,  0.000000,  0.000000,  0.004000,  
		0.050000,  1.000000,  0.000000,  -1.000000,  
		5.000000,  10000.000000,  0.000000,  -1.000000,  
		0.500000,  0.400000,  0.000000,  0.200000,  
		0.000000,  -1.000000,  200.000000,  0.000000,  
		-1.000000,  1500.000000,  0.500000,  0.010000,  
		0.000000,  1.000000,  0.500000,  0.500000,  
		0.000000,  0.000000 ]
];
prUnarchive(o,p);
