var o, p;
o = [
	Array.prNew(2),  List.prNew,  Array.prNew(7),  Point.prNew,  
	Point.prNew,  Point.prNew,  Point.prNew,  Point.prNew,  
	Point.prNew,  Point.prNew,  List.prNew,  Array.prNew(7),  
	Array.prNew(2),  Array.prNew(126),  Array.prNew(2),  Array.prNew(126),  
	Array.prNew(2),  Array.prNew(126),  Array.prNew(2),  Array.prNew(126),  
	Array.prNew(2),  Array.prNew(126),  Array.prNew(2),  Array.prNew(126),  
	Array.prNew(2),  Array.prNew(126)
];
p = [
	// Array
	0, [ o[1],  o[10] ],  
	// List
	1, [ array: o[2] ],  
	// Array
	2, [ o[3],  o[4],  o[5],  o[6],  
		o[7],  o[8],  o[9] ],  
	// Point
	3, [ x: 8.000000,  y: 96.000000 ],  
	// Point
	4, [ x: 6.000000,  y: 8.000000 ],  
	// Point
	5, [ x: 97.000000,  y: 56.000000 ],  
	// Point
	6, [ x: 192.000000,  y: 7.000000 ],  
	// Point
	7, [ x: 193.000000,  y: 98.000000 ],  
	// Point
	8, [ x: 96.000000,  y: 5.000000 ],  
	// Point
	9, [ x: 94.000000,  y: 98.000000 ],  
	// List
	10, [ array: o[11] ],  
	// Array
	11, [ o[12],  o[14],  o[16],  o[18],  
		o[20],  o[22],  o[24] ],  
	// Array
	12, [ o[3],  o[13] ],  
	// Array
	13, [ 0.000000,  -1.000000,  0.500000,  0.500000,  
		0.100000,  0.000000,  0.000000,  0.050000,  
		0.000000,  0.972000,  1.000000,  0.511000,  
		6.000000,  0.339000,  0.139000,  0.000000,  
		-1.000000,  0.800000,  0.000000,  2.000000,  
		-0.008000,  0.000000,  0.190000,  1.815000,  
		1.000000,  0.000000,  -1.000000,  0.800000,  
		0.500000,  0.000000,  -1.000000,  0.000000,  
		0.100000,  0.100000,  0.250000,  0.100000,  
		0.500000,  0.000000,  -0.997000,  0.797000,  
		0.298000,  0.000000,  -0.989000,  0.501000,  
		0.499000,  0.400000,  0.300000,  0.000000,  
		0.200000,  4.000000,  0.000000,  0.000000,  
		0.953000,  0.181000,  0.000000,  -0.013000,  
		0.013000,  0.000000,  0.793000,  0.000000,  
		0.054000,  5.797000,  0.496000,  1.000000,  
		5.000000,  1.000000,  0.500000,  0.500000,  
		0.000000,  0.000000,  0.000000,  -1.000000,  
		0.080000,  0.050000,  0.100000,  0.000000,  
		0.000000,  0.995000,  0.375000,  0.913000,  
		0.001000,  400.000000,  5000.000000,  0.000000,  
		1.000000,  0.085000,  0.223000,  0.000000,  
		-1.000000,  1.000000,  300.000000,  0.000000,  
		0.995000,  0.055000,  0.300000,  0.000000,  
		1.000000,  0.000000,  0.000000,  0.004000,  
		0.050000,  1.000000,  0.000000,  -0.984000,  
		5.000000,  9932.725000,  0.000000,  -1.000000,  
		0.500000,  0.400000,  0.000000,  0.200000,  
		0.000000,  -1.000000,  200.000000,  0.000000,  
		-1.000000,  1500.000000,  0.500000,  0.010000,  
		0.000000,  1.000000,  0.500000,  0.500000,  
		0.000000,  0.000000 ],  
	// Array
	14, [ o[4],  o[15] ],  
	// Array
	15, [ 0.000000,  -1.000000,  0.500000,  0.500000,  
		0.100000,  0.000000,  0.000000,  0.050000,  
		0.000000,  0.972000,  1.000000,  0.511000,  
		6.000000,  0.339000,  0.139000,  0.000000,  
		-1.000000,  0.800000,  0.000000,  2.000000,  
		-0.008000,  0.000000,  0.190000,  1.815000,  
		1.000000,  0.000000,  -1.000000,  0.800000,  
		0.500000,  0.000000,  -1.000000,  0.000000,  
		0.100000,  0.100000,  0.250000,  0.100000,  
		0.500000,  0.000000,  -0.997000,  0.797000,  
		0.298000,  0.000000,  -0.989000,  0.501000,  
		0.499000,  0.400000,  0.300000,  0.000000,  
		0.200000,  4.000000,  0.000000,  0.000000,  
		0.953000,  0.181000,  0.000000,  -0.013000,  
		0.013000,  0.000000,  0.793000,  0.000000,  
		0.054000,  5.797000,  0.496000,  1.000000,  
		83.961000,  1.000000,  0.052000,  0.702000,  
		0.000000,  1.000000,  0.000000,  -1.000000,  
		0.080000,  0.050000,  0.100000,  0.000000,  
		0.000000,  0.995000,  0.375000,  0.913000,  
		0.001000,  400.000000,  5000.000000,  0.000000,  
		1.000000,  0.085000,  0.223000,  0.000000,  
		-1.000000,  1.000000,  300.000000,  0.000000,  
		0.995000,  0.055000,  0.300000,  0.000000,  
		1.000000,  0.000000,  0.000000,  0.004000,  
		0.050000,  1.000000,  0.000000,  -0.984000,  
		5.000000,  9932.725000,  0.000000,  -1.000000,  
		0.500000,  0.400000,  0.000000,  0.200000,  
		0.000000,  -1.000000,  200.000000,  0.000000,  
		-1.000000,  1500.000000,  0.500000,  0.010000,  
		0.000000,  1.000000,  0.500000,  0.500000,  
		0.000000,  0.000000 ],  
	// Array
	16, [ o[5],  o[17] ],  
	// Array
	17, [ 0.000000,  -1.000000,  0.500000,  0.500000,  
		0.100000,  0.000000,  0.000000,  0.050000,  
		0.000000,  0.972000,  1.000000,  0.511000,  
		6.000000,  0.339000,  0.139000,  0.000000,  
		-1.000000,  0.800000,  0.000000,  2.000000,  
		-0.008000,  0.000000,  0.190000,  1.815000,  
		1.000000,  0.000000,  -1.000000,  0.800000,  
		0.500000,  0.000000,  -1.000000,  0.000000,  
		0.100000,  0.100000,  0.250000,  0.100000,  
		0.500000,  0.000000,  -0.997000,  0.797000,  
		0.298000,  0.000000,  -0.989000,  0.501000,  
		0.499000,  0.400000,  0.300000,  0.000000,  
		0.200000,  4.000000,  0.000000,  0.000000,  
		0.953000,  0.181000,  0.000000,  -0.013000,  
		0.013000,  0.000000,  0.793000,  0.000000,  
		0.054000,  5.797000,  0.496000,  1.000000,  
		100.000000,  1.000000,  0.026000,  1.766000,  
		1.000000,  1.000000,  0.000000,  -1.000000,  
		0.080000,  0.050000,  0.100000,  0.000000,  
		0.000000,  0.995000,  0.375000,  0.913000,  
		0.001000,  400.000000,  5000.000000,  0.000000,  
		1.000000,  0.085000,  0.223000,  0.000000,  
		-1.000000,  1.000000,  300.000000,  0.000000,  
		0.995000,  0.055000,  0.300000,  0.000000,  
		1.000000,  0.000000,  0.000000,  0.004000,  
		0.050000,  1.000000,  0.000000,  -0.984000,  
		5.000000,  9932.725000,  0.000000,  -1.000000,  
		0.500000,  0.400000,  0.000000,  0.200000,  
		0.000000,  -1.000000,  200.000000,  0.000000,  
		-1.000000,  1500.000000,  0.500000,  0.010000,  
		0.000000,  1.000000,  0.500000,  0.500000,  
		0.000000,  0.000000 ],  
	// Array
	18, [ o[6],  o[19] ],  
	// Array
	19, [ 0.000000,  -1.000000,  0.500000,  0.500000,  
		0.100000,  0.000000,  0.000000,  0.050000,  
		0.000000,  0.972000,  1.000000,  0.511000,  
		6.000000,  0.339000,  0.139000,  0.000000,  
		-1.000000,  0.800000,  0.000000,  2.000000,  
		-0.008000,  0.000000,  0.190000,  1.815000,  
		1.000000,  0.000000,  -1.000000,  0.800000,  
		0.500000,  0.000000,  -1.000000,  0.000000,  
		0.100000,  0.100000,  0.250000,  0.100000,  
		0.500000,  0.000000,  -0.997000,  0.797000,  
		0.298000,  0.000000,  -0.989000,  0.501000,  
		0.499000,  0.400000,  0.300000,  0.000000,  
		0.200000,  4.000000,  0.000000,  0.000000,  
		0.953000,  0.181000,  0.000000,  -0.013000,  
		0.013000,  0.000000,  0.793000,  0.000000,  
		0.054000,  5.797000,  0.496000,  1.000000,  
		100.000000,  1.000000,  1.000000,  1.273000,  
		1.000000,  1.000000,  0.000000,  -1.000000,  
		0.080000,  0.050000,  0.100000,  0.000000,  
		0.000000,  0.995000,  0.375000,  0.913000,  
		0.001000,  400.000000,  5000.000000,  0.000000,  
		1.000000,  0.085000,  0.223000,  0.000000,  
		-1.000000,  1.000000,  300.000000,  0.000000,  
		0.995000,  0.055000,  0.300000,  0.000000,  
		1.000000,  0.000000,  0.000000,  0.004000,  
		0.050000,  1.000000,  0.000000,  -0.984000,  
		5.000000,  9932.725000,  0.000000,  -1.000000,  
		0.500000,  0.400000,  0.000000,  0.200000,  
		0.000000,  -1.000000,  200.000000,  0.000000,  
		-1.000000,  1500.000000,  0.500000,  0.010000,  
		0.000000,  1.000000,  0.500000,  0.500000,  
		0.000000,  0.000000 ],  
	// Array
	20, [ o[7],  o[21] ],  
	// Array
	21, [ 0.000000,  -1.000000,  0.500000,  0.500000,  
		0.100000,  0.000000,  0.000000,  0.050000,  
		0.000000,  0.972000,  1.000000,  0.511000,  
		6.000000,  0.339000,  0.139000,  0.000000,  
		-1.000000,  0.800000,  0.000000,  2.000000,  
		-0.008000,  0.000000,  0.190000,  1.815000,  
		1.000000,  0.000000,  -1.000000,  0.800000,  
		0.500000,  0.000000,  -1.000000,  0.000000,  
		0.100000,  0.100000,  0.250000,  0.100000,  
		0.500000,  0.000000,  -0.997000,  0.797000,  
		0.298000,  0.000000,  -0.989000,  0.501000,  
		0.499000,  0.400000,  0.300000,  0.000000,  
		0.200000,  4.000000,  0.000000,  0.000000,  
		0.953000,  0.181000,  0.000000,  -0.013000,  
		0.013000,  0.000000,  0.793000,  0.000000,  
		0.054000,  5.797000,  0.496000,  1.000000,  
		40.779000,  1.000000,  1.000000,  1.273000,  
		0.000000,  0.000000,  0.000000,  -1.000000,  
		0.080000,  0.050000,  0.100000,  0.000000,  
		0.000000,  0.995000,  0.375000,  0.913000,  
		0.001000,  400.000000,  5000.000000,  0.000000,  
		1.000000,  0.085000,  0.223000,  0.000000,  
		-1.000000,  1.000000,  300.000000,  0.000000,  
		0.995000,  0.055000,  0.300000,  0.000000,  
		1.000000,  0.000000,  0.000000,  0.004000,  
		0.050000,  1.000000,  0.000000,  -0.984000,  
		5.000000,  9932.725000,  0.000000,  -1.000000,  
		0.500000,  0.400000,  0.000000,  0.200000,  
		0.000000,  -1.000000,  200.000000,  0.000000,  
		-1.000000,  1500.000000,  0.500000,  0.010000,  
		0.000000,  1.000000,  0.500000,  0.500000,  
		0.000000,  0.000000 ],  
	// Array
	22, [ o[8],  o[23] ],  
	// Array
	23, [ 0.000000,  -1.000000,  0.500000,  0.500000,  
		0.100000,  0.000000,  0.000000,  0.050000,  
		0.000000,  0.972000,  1.000000,  0.511000,  
		6.000000,  0.339000,  0.139000,  0.000000,  
		-1.000000,  0.800000,  0.000000,  2.000000,  
		-0.008000,  0.000000,  0.190000,  1.815000,  
		1.000000,  0.000000,  -1.000000,  0.800000,  
		0.500000,  0.000000,  -1.000000,  0.000000,  
		0.100000,  0.100000,  0.250000,  0.100000,  
		0.500000,  0.000000,  -0.997000,  0.797000,  
		0.298000,  0.000000,  -0.989000,  0.501000,  
		0.499000,  0.400000,  0.300000,  0.000000,  
		0.200000,  4.000000,  0.000000,  0.000000,  
		0.953000,  0.181000,  0.000000,  -0.013000,  
		0.013000,  0.000000,  0.793000,  0.000000,  
		0.054000,  5.797000,  0.496000,  1.000000,  
		83.873000,  -1.000000,  0.291000,  1.338000,  
		1.000000,  1.000000,  0.000000,  -1.000000,  
		0.080000,  0.050000,  0.100000,  0.000000,  
		0.000000,  0.995000,  0.375000,  0.913000,  
		0.001000,  400.000000,  5000.000000,  0.000000,  
		1.000000,  0.085000,  0.223000,  0.000000,  
		-1.000000,  1.000000,  300.000000,  0.000000,  
		0.995000,  0.055000,  0.300000,  0.000000,  
		1.000000,  0.000000,  0.000000,  0.004000,  
		0.050000,  1.000000,  0.000000,  -0.984000,  
		5.000000,  9932.725000,  0.000000,  -1.000000,  
		0.500000,  0.400000,  0.000000,  0.200000,  
		0.000000,  -1.000000,  200.000000,  0.000000,  
		-1.000000,  1500.000000,  0.500000,  0.010000,  
		0.000000,  1.000000,  0.500000,  0.500000,  
		0.000000,  0.000000 ],  
	// Array
	24, [ o[9],  o[25] ],  
	// Array
	25, [ 0.000000,  -1.000000,  0.500000,  0.500000,  
		0.100000,  0.000000,  0.000000,  0.050000,  
		0.000000,  0.972000,  1.000000,  0.511000,  
		6.000000,  0.339000,  0.139000,  0.000000,  
		-1.000000,  0.800000,  0.000000,  2.000000,  
		-0.008000,  0.000000,  0.190000,  1.815000,  
		1.000000,  0.000000,  -1.000000,  0.800000,  
		0.500000,  0.000000,  -1.000000,  0.000000,  
		0.100000,  0.100000,  0.250000,  0.100000,  
		0.500000,  0.000000,  -0.997000,  0.797000,  
		0.298000,  0.000000,  -0.989000,  0.501000,  
		0.499000,  0.400000,  0.300000,  0.000000,  
		0.200000,  4.000000,  0.000000,  0.000000,  
		0.953000,  0.181000,  0.000000,  -0.013000,  
		0.013000,  0.000000,  0.793000,  0.000000,  
		0.054000,  5.797000,  0.496000,  1.000000,  
		78.244000,  1.000000,  0.281000,  1.403000,  
		1.000000,  1.000000,  0.000000,  -1.000000,  
		0.080000,  0.050000,  0.100000,  0.000000,  
		0.000000,  0.995000,  0.375000,  0.913000,  
		0.001000,  400.000000,  5000.000000,  0.000000,  
		1.000000,  0.085000,  0.223000,  0.000000,  
		-1.000000,  1.000000,  300.000000,  0.000000,  
		0.995000,  0.055000,  0.300000,  0.000000,  
		1.000000,  0.000000,  0.000000,  0.004000,  
		0.050000,  1.000000,  0.000000,  -0.984000,  
		5.000000,  9932.725000,  0.000000,  -1.000000,  
		0.500000,  0.400000,  0.000000,  0.200000,  
		0.000000,  -1.000000,  200.000000,  0.000000,  
		-1.000000,  1500.000000,  0.500000,  0.010000,  
		0.000000,  1.000000,  0.500000,  0.500000,  
		0.000000,  0.000000 ]
];
prUnarchive(o,p);
