var o, p;
o = [
	Array.prNew(2),  List.prNew,  Array.prNew(6),  Point.prNew,  
	Point.prNew,  Point.prNew,  Point.prNew,  Point.prNew,  
	Point.prNew,  List.prNew,  Array.prNew(6),  Array.prNew(2),  
	Array.prNew(126),  Array.prNew(2),  Array.prNew(126),  Array.prNew(2),  
	Array.prNew(126),  Array.prNew(2),  Array.prNew(126),  Array.prNew(2),  
	Array.prNew(126),  Array.prNew(2),  Array.prNew(126)
];
p = [
	// Array
	0, [ o[1],  o[9] ],  
	// List
	1, [ array: o[2] ],  
	// Array
	2, [ o[3],  o[4],  o[5],  o[6],  
		o[7],  o[8] ],  
	// Point
	3, [ x: -3.000000,  y: 52.000000 ],  
	// Point
	4, [ x: 200.000000,  y: 53.000000 ],  
	// Point
	5, [ x: 0.000000,  y: 0.000000 ],  
	// Point
	6, [ x: 198.000000,  y: 5.000000 ],  
	// Point
	7, [ x: -2.000000,  y: 104.000000 ],  
	// Point
	8, [ x: 198.000000,  y: 104.000000 ],  
	// List
	9, [ array: o[10] ],  
	// Array
	10, [ o[11],  o[13],  o[15],  o[17],  
		o[19],  o[21] ],  
	// Array
	11, [ o[3],  o[12] ],  
	// Array
	12, [ 0.000000,  -1.000000,  0.500000,  0.500000,  
		0.100000,  0.000000,  0.000000,  0.050000,  
		0.000000,  -1.000000,  0.000000,  0.500000,  
		8.000000,  0.500000,  0.000000,  0.000000,  
		-1.000000,  0.800000,  1.000000,  2.000000,  
		0.003000,  0.000000,  0.190000,  1.815000,  
		1.000000,  0.000000,  -1.000000,  0.800000,  
		0.500000,  0.000000,  -1.000000,  0.000000,  
		0.100000,  0.100000,  0.250000,  0.100000,  
		0.500000,  0.000000,  -0.997000,  0.797000,  
		0.298000,  1.000000,  0.999000,  0.502000,  
		0.499000,  0.400000,  0.301000,  0.000000,  
		0.200000,  4.000000,  0.000000,  0.000000,  
		-1.000000,  0.500000,  0.000000,  0.000000,  
		0.000000,  0.000000,  1.000000,  2.000000,  
		0.140000,  5.000000,  0.700000,  0.000000,  
		5.000000,  1.000000,  0.500000,  0.500000,  
		0.000000,  0.000000,  0.000000,  -1.000000,  
		0.080000,  0.050000,  0.100000,  0.000000,  
		0.000000,  0.995000,  0.375000,  0.913000,  
		0.001000,  400.000000,  5000.000000,  0.000000,  
		1.000000,  0.085000,  0.223000,  0.000000,  
		-1.000000,  1.000000,  300.000000,  1.000000,  
		0.003000,  0.999000,  0.300000,  0.000000,  
		1.000000,  0.000000,  0.000000,  0.004000,  
		0.050000,  1.000000,  0.000000,  -1.000000,  
		5.000000,  9998.199000,  0.000000,  -1.000000,  
		0.500000,  0.400000,  0.000000,  0.200000,  
		0.000000,  -1.000000,  200.000000,  0.000000,  
		-1.000000,  1500.000000,  0.500000,  0.010000,  
		0.000000,  1.000000,  0.500000,  0.500000,  
		0.000000,  0.000000 ],  
	// Array
	13, [ o[4],  o[14] ],  
	// Array
	14, [ 0.000000,  -1.000000,  0.500000,  0.500000,  
		0.100000,  0.000000,  0.000000,  0.050000,  
		0.000000,  -0.953000,  0.000000,  0.495000,  
		8.000000,  0.500000,  0.000000,  0.000000,  
		-1.000000,  0.800000,  1.000000,  2.000000,  
		-1.000000,  0.000000,  0.190000,  1.815000,  
		1.000000,  0.000000,  -1.000000,  0.800000,  
		0.500000,  0.000000,  -1.000000,  0.000000,  
		0.100000,  0.100000,  0.250000,  0.100000,  
		0.500000,  0.000000,  -0.997000,  0.797000,  
		0.298000,  0.000000,  -0.991000,  0.501000,  
		0.499000,  0.400000,  0.300000,  0.000000,  
		0.200000,  4.000000,  0.000000,  0.000000,  
		-1.000000,  0.500000,  0.000000,  0.000000,  
		0.000000,  0.000000,  1.000000,  2.000000,  
		0.140000,  5.000000,  0.700000,  0.000000,  
		5.000000,  1.000000,  0.500000,  0.500000,  
		0.000000,  0.000000,  0.000000,  -1.000000,  
		0.080000,  0.050000,  0.100000,  0.000000,  
		0.000000,  0.995000,  0.375000,  0.913000,  
		0.001000,  400.000000,  5000.000000,  0.000000,  
		1.000000,  0.085000,  0.223000,  0.000000,  
		-1.000000,  1.000000,  300.000000,  1.000000,  
		0.996000,  0.998000,  0.300000,  0.000000,  
		1.000000,  0.000000,  0.000000,  0.004000,  
		0.050000,  1.000000,  0.000000,  -0.958000,  
		5.000000,  9829.007000,  0.000000,  -1.000000,  
		0.500000,  0.400000,  0.000000,  0.200000,  
		0.000000,  -1.000000,  200.000000,  0.000000,  
		-1.000000,  1500.000000,  0.500000,  0.010000,  
		0.000000,  1.000000,  0.500000,  0.500000,  
		0.000000,  0.000000 ],  
	// Array
	15, [ o[5],  o[16] ],  
	// Array
	16, [ 0.000000,  -1.000000,  0.500000,  0.500000,  
		0.100000,  0.000000,  0.000000,  0.050000,  
		0.000000,  -0.998000,  0.000000,  0.500000,  
		8.000000,  0.500000,  0.000000,  0.000000,  
		-1.000000,  0.800000,  1.000000,  2.000000,  
		1.000000,  0.000000,  0.190000,  1.815000,  
		1.000000,  0.000000,  -1.000000,  0.800000,  
		0.500000,  0.000000,  -1.000000,  0.000000,  
		0.100000,  0.100000,  0.250000,  0.100000,  
		0.500000,  0.000000,  -0.997000,  0.797000,  
		0.298000,  1.000000,  0.990000,  0.504000,  
		0.498000,  0.400000,  0.302000,  0.000000,  
		0.200000,  4.000000,  0.000000,  0.000000,  
		-1.000000,  0.500000,  0.000000,  0.000000,  
		0.000000,  0.000000,  1.000000,  2.000000,  
		0.140000,  5.000000,  0.700000,  0.000000,  
		5.000000,  1.000000,  0.500000,  0.500000,  
		0.000000,  0.000000,  0.000000,  -1.000000,  
		0.080000,  0.050000,  0.100000,  0.000000,  
		0.000000,  0.995000,  0.375000,  0.913000,  
		0.001000,  400.000000,  5000.000000,  0.000000,  
		1.000000,  0.085000,  0.223000,  0.000000,  
		-1.000000,  1.000000,  300.000000,  1.000000,  
		0.061000,  1.945000,  0.300000,  0.000000,  
		1.000000,  0.000000,  0.000000,  0.004000,  
		0.050000,  1.000000,  0.000000,  -0.996000,  
		5.000000,  9985.757000,  0.000000,  -1.000000,  
		0.500000,  0.400000,  0.000000,  0.200000,  
		0.000000,  -1.000000,  200.000000,  0.000000,  
		-1.000000,  1500.000000,  0.500000,  0.010000,  
		0.000000,  1.000000,  0.500000,  0.500000,  
		0.000000,  0.000000 ],  
	// Array
	17, [ o[6],  o[18] ],  
	// Array
	18, [ 0.000000,  -1.000000,  0.500000,  0.500000,  
		0.100000,  0.000000,  0.000000,  0.050000,  
		0.000000,  -1.000000,  0.000000,  0.500000,  
		8.000000,  0.500000,  0.000000,  0.000000,  
		-1.000000,  0.800000,  0.000000,  2.000000,  
		0.000000,  0.000000,  0.190000,  1.815000,  
		1.000000,  0.000000,  -1.000000,  0.800000,  
		0.500000,  0.000000,  -1.000000,  0.000000,  
		0.100000,  0.100000,  0.250000,  0.100000,  
		0.500000,  0.000000,  -0.997000,  0.797000,  
		0.298000,  0.000000,  -1.000000,  0.500000,  
		0.500000,  0.400000,  0.300000,  0.000000,  
		0.200000,  4.000000,  0.000000,  0.000000,  
		-1.000000,  0.500000,  0.000000,  0.000000,  
		0.000000,  0.000000,  1.000000,  2.000000,  
		0.140000,  5.000000,  0.700000,  0.000000,  
		5.000000,  1.000000,  0.500000,  0.500000,  
		0.000000,  0.000000,  0.000000,  -1.000000,  
		0.080000,  0.050000,  0.100000,  0.000000,  
		0.000000,  0.995000,  0.375000,  0.913000,  
		0.001000,  400.000000,  5000.000000,  0.000000,  
		1.000000,  0.085000,  0.223000,  0.000000,  
		-1.000000,  1.000000,  300.000000,  1.000000,  
		1.000000,  1.999000,  0.300000,  0.000000,  
		1.000000,  0.000000,  0.000000,  0.004000,  
		0.050000,  1.000000,  1.000000,  1.000000,  
		5.000000,  1917.767000,  0.000000,  -1.000000,  
		0.500000,  0.400000,  0.000000,  0.200000,  
		0.000000,  -1.000000,  200.000000,  0.000000,  
		-1.000000,  1500.000000,  0.500000,  0.010000,  
		0.000000,  1.000000,  0.500000,  0.500000,  
		0.000000,  0.000000 ],  
	// Array
	19, [ o[7],  o[20] ],  
	// Array
	20, [ 0.000000,  -1.000000,  0.500000,  0.500000,  
		0.100000,  0.000000,  0.000000,  0.050000,  
		0.000000,  -1.000000,  0.000000,  0.500000,  
		8.000000,  0.500000,  0.000000,  0.000000,  
		-1.000000,  0.800000,  0.000000,  2.000000,  
		0.000000,  0.000000,  0.190000,  1.815000,  
		1.000000,  0.000000,  -1.000000,  0.800000,  
		0.500000,  0.000000,  -1.000000,  0.000000,  
		0.100000,  0.100000,  0.250000,  0.100000,  
		0.500000,  0.000000,  -0.997000,  0.797000,  
		0.298000,  1.000000,  0.997000,  0.974000,  
		0.078000,  0.545000,  0.558000,  0.000000,  
		0.200000,  4.000000,  0.000000,  0.000000,  
		-1.000000,  0.500000,  0.000000,  0.000000,  
		0.000000,  0.000000,  1.000000,  2.000000,  
		0.140000,  5.000000,  0.700000,  0.000000,  
		5.000000,  1.000000,  0.500000,  0.500000,  
		0.000000,  0.000000,  0.000000,  -1.000000,  
		0.080000,  0.050000,  0.100000,  0.000000,  
		0.000000,  0.995000,  0.375000,  0.913000,  
		0.001000,  400.000000,  5000.000000,  0.000000,  
		1.000000,  0.085000,  0.223000,  0.000000,  
		-1.000000,  1.000000,  300.000000,  1.000000,  
		0.004000,  0.032000,  0.300000,  0.000000,  
		1.000000,  0.000000,  0.000000,  0.004000,  
		0.050000,  1.000000,  0.000000,  -1.000000,  
		5.000000,  10000.000000,  0.000000,  -1.000000,  
		0.500000,  0.400000,  0.000000,  0.200000,  
		0.000000,  -1.000000,  200.000000,  0.000000,  
		-1.000000,  1500.000000,  0.500000,  0.010000,  
		0.000000,  1.000000,  0.500000,  0.500000,  
		0.000000,  0.000000 ],  
	// Array
	21, [ o[8],  o[22] ],  
	// Array
	22, [ 0.000000,  -1.000000,  0.500000,  0.500000,  
		0.100000,  0.000000,  0.000000,  0.050000,  
		1.000000,  1.000000,  2.000000,  0.299000,  
		13.000000,  0.500000,  0.000000,  0.000000,  
		-1.000000,  0.800000,  0.000000,  2.000000,  
		0.000000,  0.000000,  0.190000,  1.815000,  
		1.000000,  0.000000,  -1.000000,  0.800000,  
		0.500000,  0.000000,  -1.000000,  0.000000,  
		0.100000,  0.100000,  0.250000,  0.100000,  
		0.500000,  0.000000,  -0.997000,  0.797000,  
		0.298000,  0.000000,  -0.992000,  0.501000,  
		0.499000,  0.400000,  0.300000,  0.000000,  
		0.200000,  4.000000,  0.000000,  0.000000,  
		-1.000000,  0.500000,  0.000000,  0.000000,  
		0.000000,  0.000000,  1.000000,  2.000000,  
		0.140000,  5.000000,  0.700000,  0.000000,  
		5.000000,  1.000000,  0.500000,  0.500000,  
		0.000000,  0.000000,  0.000000,  -1.000000,  
		0.080000,  0.050000,  0.100000,  0.000000,  
		0.000000,  0.995000,  0.375000,  0.913000,  
		0.001000,  400.000000,  5000.000000,  0.000000,  
		1.000000,  0.085000,  0.223000,  0.000000,  
		-1.000000,  1.000000,  300.000000,  1.000000,  
		0.996000,  0.042000,  0.300000,  0.000000,  
		1.000000,  0.000000,  0.000000,  0.004000,  
		0.050000,  1.000000,  0.000000,  -0.988000,  
		5.000000,  9950.086000,  0.000000,  -1.000000,  
		0.500000,  0.400000,  0.000000,  0.200000,  
		0.000000,  -1.000000,  200.000000,  0.000000,  
		-1.000000,  1500.000000,  0.500000,  0.010000,  
		0.000000,  1.000000,  0.500000,  0.500000,  
		0.000000,  0.000000 ]
];
prUnarchive(o,p);
