var o, p;
o = [
	Array.prNew(2),  List.prNew,  Array.prNew(8),  Point.prNew,  
	Point.prNew,  Point.prNew,  Point.prNew,  Point.prNew,  
	Point.prNew,  Point.prNew,  Point.prNew,  List.prNew,  
	Array.prNew(8),  Array.prNew(2),  Array.prNew(126),  Array.prNew(2),  
	Array.prNew(126),  Array.prNew(2),  Array.prNew(126),  Array.prNew(2),  
	Array.prNew(126),  Array.prNew(2),  Array.prNew(126),  Array.prNew(2),  
	Array.prNew(126),  Array.prNew(2),  Array.prNew(126),  Array.prNew(2),  
	Array.prNew(126)
];
p = [
	// Array
	0, [ o[1],  o[11] ],  
	// List
	1, [ array: o[2] ],  
	// Array
	2, [ o[3],  o[4],  o[5],  o[6],  
		o[7],  o[8],  o[9],  o[10] ],  
	// Point
	3, [ x: 10.000000,  y: 96.000000 ],  
	// Point
	4, [ x: 195.000000,  y: 100.000000 ],  
	// Point
	5, [ x: 12.000000,  y: 10.000000 ],  
	// Point
	6, [ x: 193.000000,  y: 7.000000 ],  
	// Point
	7, [ x: 105.000000,  y: 95.000000 ],  
	// Point
	8, [ x: 108.000000,  y: 7.000000 ],  
	// Point
	9, [ x: 60.000000,  y: 51.000000 ],  
	// Point
	10, [ x: 149.000000,  y: 47.000000 ],  
	// List
	11, [ array: o[12] ],  
	// Array
	12, [ o[13],  o[15],  o[17],  o[19],  
		o[21],  o[23],  o[25],  o[27] ],  
	// Array
	13, [ o[3],  o[14] ],  
	// Array
	14, [ 0.000000,  -1.000000,  0.500000,  0.500000,  
		0.100000,  0.000000,  0.000000,  0.050000,  
		0.000000,  0.972000,  1.000000,  0.511000,  
		6.000000,  0.339000,  0.139000,  0.000000,  
		-1.000000,  0.800000,  0.000000,  2.000000,  
		-0.008000,  0.000000,  0.190000,  1.815000,  
		1.000000,  0.000000,  -1.000000,  0.800000,  
		0.500000,  0.000000,  -1.000000,  0.000000,  
		0.100000,  0.100000,  0.250000,  0.100000,  
		0.500000,  0.000000,  -0.997000,  0.797000,  
		0.298000,  0.000000,  -0.989000,  0.501000,  
		0.499000,  0.400000,  0.300000,  0.000000,  
		0.200000,  4.000000,  0.000000,  0.000000,  
		0.953000,  0.181000,  0.000000,  -0.013000,  
		0.013000,  1.000000,  0.792000,  0.000000,  
		0.052000,  5.786000,  0.497000,  0.000000,  
		5.000000,  1.000000,  0.500000,  0.500000,  
		0.000000,  0.000000,  0.000000,  -1.000000,  
		0.080000,  0.050000,  0.100000,  0.000000,  
		0.000000,  0.995000,  0.375000,  0.913000,  
		0.001000,  400.000000,  5000.000000,  0.000000,  
		1.000000,  0.085000,  0.223000,  0.000000,  
		-1.000000,  1.000000,  300.000000,  0.000000,  
		0.995000,  0.055000,  0.300000,  0.000000,  
		1.000000,  0.000000,  0.000000,  0.004000,  
		0.050000,  1.000000,  0.000000,  -0.984000,  
		5.000000,  9932.725000,  0.000000,  -1.000000,  
		0.500000,  0.400000,  0.000000,  0.200000,  
		0.000000,  -1.000000,  200.000000,  0.000000,  
		-1.000000,  1500.000000,  0.500000,  0.010000,  
		0.000000,  1.000000,  0.500000,  0.500000,  
		0.000000,  0.000000 ],  
	// Array
	15, [ o[4],  o[16] ],  
	// Array
	16, [ 0.000000,  -1.000000,  0.500000,  0.500000,  
		0.100000,  0.000000,  0.000000,  0.050000,  
		0.000000,  0.972000,  1.000000,  0.511000,  
		6.000000,  0.339000,  0.139000,  0.000000,  
		-1.000000,  0.800000,  0.000000,  2.000000,  
		-0.008000,  0.000000,  0.190000,  1.815000,  
		1.000000,  0.000000,  -1.000000,  0.800000,  
		0.500000,  0.000000,  -1.000000,  0.000000,  
		0.100000,  0.100000,  0.250000,  0.100000,  
		0.500000,  0.000000,  -0.997000,  0.797000,  
		0.298000,  0.000000,  -0.989000,  0.501000,  
		0.499000,  0.400000,  0.300000,  0.000000,  
		0.200000,  4.000000,  0.000000,  0.000000,  
		0.953000,  0.181000,  0.000000,  -0.013000,  
		0.013000,  1.000000,  1.000000,  1.000000,  
		0.662000,  1.134000,  0.497000,  0.000000,  
		5.000000,  1.000000,  0.500000,  0.500000,  
		0.000000,  0.000000,  0.000000,  -1.000000,  
		0.080000,  0.050000,  0.100000,  0.000000,  
		0.000000,  0.995000,  0.375000,  0.913000,  
		0.001000,  400.000000,  5000.000000,  0.000000,  
		1.000000,  0.085000,  0.223000,  0.000000,  
		-1.000000,  1.000000,  300.000000,  0.000000,  
		0.995000,  0.055000,  0.300000,  0.000000,  
		1.000000,  0.000000,  0.000000,  0.004000,  
		0.050000,  1.000000,  0.000000,  -0.984000,  
		5.000000,  9932.725000,  0.000000,  -1.000000,  
		0.500000,  0.400000,  0.000000,  0.200000,  
		0.000000,  -1.000000,  200.000000,  0.000000,  
		-1.000000,  1500.000000,  0.500000,  0.010000,  
		0.000000,  1.000000,  0.500000,  0.500000,  
		0.000000,  0.000000 ],  
	// Array
	17, [ o[5],  o[18] ],  
	// Array
	18, [ 0.000000,  -1.000000,  0.500000,  0.500000,  
		0.100000,  0.000000,  0.000000,  0.050000,  
		0.000000,  0.972000,  1.000000,  0.511000,  
		6.000000,  0.339000,  0.139000,  0.000000,  
		-1.000000,  0.800000,  0.000000,  2.000000,  
		-0.008000,  0.000000,  0.190000,  1.815000,  
		1.000000,  0.000000,  -1.000000,  0.800000,  
		0.500000,  0.000000,  -1.000000,  0.000000,  
		0.100000,  0.100000,  0.250000,  0.100000,  
		0.500000,  0.000000,  -0.997000,  0.797000,  
		0.298000,  0.000000,  -0.989000,  0.501000,  
		0.499000,  0.400000,  0.300000,  0.000000,  
		0.200000,  4.000000,  0.000000,  0.000000,  
		0.953000,  0.181000,  0.000000,  -0.013000,  
		0.013000,  1.000000,  1.000000,  3.000000,  
		0.416000,  8.629000,  0.661000,  0.000000,  
		5.000000,  1.000000,  0.500000,  0.500000,  
		0.000000,  0.000000,  0.000000,  -1.000000,  
		0.080000,  0.050000,  0.100000,  0.000000,  
		0.000000,  0.995000,  0.375000,  0.913000,  
		0.001000,  400.000000,  5000.000000,  0.000000,  
		1.000000,  0.085000,  0.223000,  0.000000,  
		-1.000000,  1.000000,  300.000000,  0.000000,  
		0.995000,  0.055000,  0.300000,  0.000000,  
		1.000000,  0.000000,  0.000000,  0.004000,  
		0.050000,  1.000000,  0.000000,  -0.984000,  
		5.000000,  9932.725000,  0.000000,  -1.000000,  
		0.500000,  0.400000,  0.000000,  0.200000,  
		0.000000,  -1.000000,  200.000000,  0.000000,  
		-1.000000,  1500.000000,  0.500000,  0.010000,  
		0.000000,  1.000000,  0.500000,  0.500000,  
		0.000000,  0.000000 ],  
	// Array
	19, [ o[6],  o[20] ],  
	// Array
	20, [ 0.000000,  -1.000000,  0.500000,  0.500000,  
		0.100000,  0.000000,  0.000000,  0.050000,  
		0.000000,  0.972000,  1.000000,  0.511000,  
		6.000000,  0.339000,  0.139000,  0.000000,  
		-1.000000,  0.800000,  0.000000,  2.000000,  
		-0.008000,  0.000000,  0.190000,  1.815000,  
		1.000000,  0.000000,  -1.000000,  0.800000,  
		0.500000,  0.000000,  -1.000000,  0.000000,  
		0.100000,  0.100000,  0.250000,  0.100000,  
		0.500000,  0.000000,  -0.997000,  0.797000,  
		0.298000,  0.000000,  -0.989000,  0.501000,  
		0.499000,  0.400000,  0.300000,  0.000000,  
		0.200000,  4.000000,  0.000000,  0.000000,  
		0.953000,  0.181000,  0.000000,  -0.013000,  
		0.013000,  1.000000,  1.000000,  3.000000,  
		0.169000,  13.797000,  0.661000,  0.000000,  
		5.000000,  1.000000,  0.500000,  0.500000,  
		0.000000,  0.000000,  0.000000,  -1.000000,  
		0.080000,  0.050000,  0.100000,  0.000000,  
		0.000000,  0.995000,  0.375000,  0.913000,  
		0.001000,  400.000000,  5000.000000,  0.000000,  
		1.000000,  0.085000,  0.223000,  0.000000,  
		-1.000000,  1.000000,  300.000000,  0.000000,  
		0.995000,  0.055000,  0.300000,  0.000000,  
		1.000000,  0.000000,  0.000000,  0.004000,  
		0.050000,  1.000000,  0.000000,  -0.984000,  
		5.000000,  9932.725000,  0.000000,  -1.000000,  
		0.500000,  0.400000,  0.000000,  0.200000,  
		0.000000,  -1.000000,  200.000000,  0.000000,  
		-1.000000,  1500.000000,  0.500000,  0.010000,  
		0.000000,  1.000000,  0.500000,  0.500000,  
		0.000000,  0.000000 ],  
	// Array
	21, [ o[7],  o[22] ],  
	// Array
	22, [ 0.000000,  -1.000000,  0.500000,  0.500000,  
		0.100000,  0.000000,  0.000000,  0.050000,  
		0.000000,  0.972000,  1.000000,  0.511000,  
		6.000000,  0.339000,  0.139000,  0.000000,  
		-1.000000,  0.800000,  0.000000,  2.000000,  
		-0.008000,  0.000000,  0.190000,  1.815000,  
		1.000000,  0.000000,  -1.000000,  0.800000,  
		0.500000,  0.000000,  -1.000000,  0.000000,  
		0.100000,  0.100000,  0.250000,  0.100000,  
		0.500000,  0.000000,  -0.997000,  0.797000,  
		0.298000,  0.000000,  -0.989000,  0.501000,  
		0.499000,  0.400000,  0.300000,  0.000000,  
		0.200000,  4.000000,  0.000000,  0.000000,  
		0.953000,  0.181000,  0.000000,  -0.013000,  
		0.013000,  1.000000,  1.000000,  4.000000,  
		0.091000,  2.684000,  0.100000,  0.000000,  
		5.000000,  1.000000,  0.500000,  0.500000,  
		0.000000,  0.000000,  0.000000,  -1.000000,  
		0.080000,  0.050000,  0.100000,  0.000000,  
		0.000000,  0.995000,  0.375000,  0.913000,  
		0.001000,  400.000000,  5000.000000,  0.000000,  
		1.000000,  0.085000,  0.223000,  0.000000,  
		-1.000000,  1.000000,  300.000000,  0.000000,  
		0.995000,  0.055000,  0.300000,  0.000000,  
		1.000000,  0.000000,  0.000000,  0.004000,  
		0.050000,  1.000000,  0.000000,  -0.984000,  
		5.000000,  9932.725000,  0.000000,  -1.000000,  
		0.500000,  0.400000,  0.000000,  0.200000,  
		0.000000,  -1.000000,  200.000000,  0.000000,  
		-1.000000,  1500.000000,  0.500000,  0.010000,  
		0.000000,  1.000000,  0.500000,  0.500000,  
		0.000000,  0.000000 ],  
	// Array
	23, [ o[8],  o[24] ],  
	// Array
	24, [ 0.000000,  -1.000000,  0.500000,  0.500000,  
		0.100000,  0.000000,  0.000000,  0.050000,  
		0.000000,  0.972000,  1.000000,  0.511000,  
		6.000000,  0.339000,  0.139000,  0.000000,  
		-1.000000,  0.800000,  0.000000,  2.000000,  
		-0.008000,  0.000000,  0.190000,  1.815000,  
		1.000000,  0.000000,  -1.000000,  0.800000,  
		0.500000,  0.000000,  -1.000000,  0.000000,  
		0.100000,  0.100000,  0.250000,  0.100000,  
		0.500000,  0.000000,  -0.997000,  0.797000,  
		0.298000,  0.000000,  -0.989000,  0.501000,  
		0.499000,  0.400000,  0.300000,  0.000000,  
		0.200000,  4.000000,  0.000000,  0.000000,  
		0.953000,  0.181000,  0.000000,  -0.013000,  
		0.013000,  1.000000,  0.870000,  5.000000,  
		0.234000,  2.168000,  0.100000,  0.000000,  
		5.000000,  1.000000,  0.500000,  0.500000,  
		0.000000,  0.000000,  0.000000,  -1.000000,  
		0.080000,  0.050000,  0.100000,  0.000000,  
		0.000000,  0.995000,  0.375000,  0.913000,  
		0.001000,  400.000000,  5000.000000,  0.000000,  
		1.000000,  0.085000,  0.223000,  0.000000,  
		-1.000000,  1.000000,  300.000000,  0.000000,  
		0.995000,  0.055000,  0.300000,  0.000000,  
		1.000000,  0.000000,  0.000000,  0.004000,  
		0.050000,  1.000000,  0.000000,  -0.984000,  
		5.000000,  9932.725000,  0.000000,  -1.000000,  
		0.500000,  0.400000,  0.000000,  0.200000,  
		0.000000,  -1.000000,  200.000000,  0.000000,  
		-1.000000,  1500.000000,  0.500000,  0.010000,  
		0.000000,  1.000000,  0.500000,  0.500000,  
		0.000000,  0.000000 ],  
	// Array
	25, [ o[9],  o[26] ],  
	// Array
	26, [ 0.000000,  -1.000000,  0.500000,  0.500000,  
		0.100000,  0.000000,  0.000000,  0.050000,  
		0.000000,  0.972000,  1.000000,  0.511000,  
		6.000000,  0.339000,  0.139000,  0.000000,  
		-1.000000,  0.800000,  0.000000,  2.000000,  
		-0.008000,  0.000000,  0.190000,  1.815000,  
		1.000000,  0.000000,  -1.000000,  0.800000,  
		0.500000,  0.000000,  -1.000000,  0.000000,  
		0.100000,  0.100000,  0.250000,  0.100000,  
		0.500000,  0.000000,  -0.997000,  0.797000,  
		0.298000,  0.000000,  -0.989000,  0.501000,  
		0.499000,  0.400000,  0.300000,  0.000000,  
		0.200000,  4.000000,  0.000000,  0.000000,  
		0.953000,  0.181000,  0.000000,  -0.013000,  
		0.013000,  1.000000,  0.870000,  6.000000,  
		0.299000,  11.730000,  0.462000,  0.000000,  
		5.000000,  1.000000,  0.500000,  0.500000,  
		0.000000,  0.000000,  0.000000,  -1.000000,  
		0.080000,  0.050000,  0.100000,  0.000000,  
		0.000000,  0.995000,  0.375000,  0.913000,  
		0.001000,  400.000000,  5000.000000,  0.000000,  
		1.000000,  0.085000,  0.223000,  0.000000,  
		-1.000000,  1.000000,  300.000000,  0.000000,  
		0.995000,  0.055000,  0.300000,  0.000000,  
		1.000000,  0.000000,  0.000000,  0.004000,  
		0.050000,  1.000000,  0.000000,  -0.984000,  
		5.000000,  9932.725000,  0.000000,  -1.000000,  
		0.500000,  0.400000,  0.000000,  0.200000,  
		0.000000,  -1.000000,  200.000000,  0.000000,  
		-1.000000,  1500.000000,  0.500000,  0.010000,  
		0.000000,  1.000000,  0.500000,  0.500000,  
		0.000000,  0.000000 ],  
	// Array
	27, [ o[10],  o[28] ],  
	// Array
	28, [ 0.000000,  -1.000000,  0.500000,  0.500000,  
		0.100000,  0.000000,  0.000000,  0.050000,  
		0.000000,  0.972000,  1.000000,  0.511000,  
		6.000000,  0.339000,  0.139000,  0.000000,  
		-1.000000,  0.800000,  0.000000,  2.000000,  
		-0.008000,  0.000000,  0.190000,  1.815000,  
		1.000000,  0.000000,  -1.000000,  0.800000,  
		0.500000,  0.000000,  -1.000000,  0.000000,  
		0.100000,  0.100000,  0.250000,  0.100000,  
		0.500000,  0.000000,  -0.997000,  0.797000,  
		0.298000,  0.000000,  -0.989000,  0.501000,  
		0.499000,  0.400000,  0.300000,  0.000000,  
		0.200000,  4.000000,  0.000000,  0.000000,  
		0.953000,  0.181000,  0.000000,  -0.013000,  
		0.013000,  1.000000,  1.000000,  6.000000,  
		0.753000,  0.100000,  0.462000,  0.000000,  
		5.000000,  1.000000,  0.500000,  0.500000,  
		0.000000,  0.000000,  0.000000,  -1.000000,  
		0.080000,  0.050000,  0.100000,  0.000000,  
		0.000000,  0.995000,  0.375000,  0.913000,  
		0.001000,  400.000000,  5000.000000,  0.000000,  
		1.000000,  0.085000,  0.223000,  0.000000,  
		-1.000000,  1.000000,  300.000000,  0.000000,  
		0.995000,  0.055000,  0.300000,  0.000000,  
		1.000000,  0.000000,  0.000000,  0.004000,  
		0.050000,  1.000000,  0.000000,  -0.984000,  
		5.000000,  9932.725000,  0.000000,  -1.000000,  
		0.500000,  0.400000,  0.000000,  0.200000,  
		0.000000,  -1.000000,  200.000000,  0.000000,  
		-1.000000,  1500.000000,  0.500000,  0.010000,  
		0.000000,  1.000000,  0.500000,  0.500000,  
		0.000000,  0.000000 ]
];
prUnarchive(o,p);
