var o, p;
o = [
	Array.prNew(2),  List.prNew,  Array.prNew(2),  Point.prNew,  
	Point.prNew,  List.prNew,  Array.prNew(2),  Array.prNew(2),  
	Array.prNew(126),  Array.prNew(2),  Array.prNew(126)
];
p = [
	// Array
	0, [ o[1],  o[5] ],  
	// List
	1, [ array: o[2] ],  
	// Array
	2, [ o[3],  o[4] ],  
	// Point
	3, [ x: 4.000000,  y: 5.000000 ],  
	// Point
	4, [ x: 199.000000,  y: 3.000000 ],  
	// List
	5, [ array: o[6] ],  
	// Array
	6, [ o[7],  o[9] ],  
	// Array
	7, [ o[3],  o[8] ],  
	// Array
	8, [ 0.000000,  -1.000000,  0.500000,  0.500000,  
		0.100000,  0.000000,  0.000000,  0.050000,  
		0.000000,  -1.000000,  0.000000,  0.500000,  
		8.000000,  0.500000,  0.000000,  0.000000,  
		-1.000000,  0.800000,  0.000000,  2.000000,  
		0.000000,  0.000000,  0.190000,  1.815000,  
		1.000000,  0.000000,  -1.000000,  0.800000,  
		0.500000,  0.000000,  -1.000000,  0.000000,  
		0.100000,  0.100000,  0.250000,  0.100000,  
		0.500000,  0.000000,  -0.997000,  0.797000,  
		0.298000,  0.000000,  -1.000000,  0.500000,  
		0.500000,  0.400000,  0.300000,  0.000000,  
		0.200000,  4.000000,  0.000000,  0.000000,  
		-1.000000,  0.500000,  0.000000,  0.000000,  
		0.000000,  0.000000,  1.000000,  2.000000,  
		0.140000,  5.000000,  0.700000,  0.000000,  
		5.000000,  1.000000,  0.500000,  0.500000,  
		0.000000,  0.000000,  0.000000,  -1.000000,  
		0.080000,  0.050000,  0.100000,  0.000000,  
		0.000000,  0.995000,  0.375000,  0.913000,  
		0.001000,  400.000000,  5000.000000,  0.000000,  
		1.000000,  0.085000,  0.223000,  0.000000,  
		-1.000000,  1.000000,  300.000000,  1.000000,  
		0.000000,  1.000000,  0.300000,  0.000000,  
		1.000000,  0.000000,  0.000000,  0.004000,  
		0.050000,  1.000000,  0.000000,  -1.000000,  
		5.000000,  10000.000000,  0.000000,  -1.000000,  
		0.500000,  0.400000,  0.000000,  0.200000,  
		0.000000,  -1.000000,  200.000000,  0.000000,  
		-1.000000,  1500.000000,  0.500000,  0.010000,  
		0.000000,  1.000000,  0.500000,  0.500000,  
		0.000000,  0.000000 ],  
	// Array
	9, [ o[4],  o[10] ],  
	// Array
	10, [ 0.000000,  -1.000000,  0.500000,  0.500000,  
		0.100000,  0.000000,  0.000000,  0.050000,  
		0.000000,  -1.000000,  0.000000,  0.500000,  
		8.000000,  0.500000,  0.000000,  0.000000,  
		-1.000000,  0.800000,  0.000000,  2.000000,  
		0.000000,  0.000000,  0.190000,  1.815000,  
		1.000000,  0.000000,  -1.000000,  0.800000,  
		0.500000,  0.000000,  -1.000000,  0.000000,  
		0.100000,  0.100000,  0.250000,  0.100000,  
		0.500000,  0.000000,  -0.997000,  0.797000,  
		0.298000,  0.000000,  -1.000000,  0.500000,  
		0.500000,  0.400000,  0.300000,  0.000000,  
		0.200000,  4.000000,  0.000000,  0.000000,  
		-1.000000,  0.500000,  0.000000,  0.000000,  
		0.000000,  0.000000,  1.000000,  2.000000,  
		0.140000,  5.000000,  0.700000,  0.000000,  
		5.000000,  1.000000,  0.500000,  0.500000,  
		0.000000,  0.000000,  0.000000,  -1.000000,  
		0.080000,  0.050000,  0.100000,  0.000000,  
		0.000000,  0.995000,  0.375000,  0.913000,  
		0.001000,  400.000000,  5000.000000,  0.000000,  
		1.000000,  0.085000,  0.223000,  0.000000,  
		-1.000000,  1.000000,  300.000000,  1.000000,  
		1.000000,  1.000000,  0.300000,  0.000000,  
		1.000000,  0.000000,  0.000000,  0.004000,  
		0.050000,  1.000000,  0.000000,  -1.000000,  
		5.000000,  10000.000000,  0.000000,  -1.000000,  
		0.500000,  0.400000,  0.000000,  0.200000,  
		0.000000,  -1.000000,  200.000000,  0.000000,  
		-1.000000,  1500.000000,  0.500000,  0.010000,  
		0.000000,  1.000000,  0.500000,  0.500000,  
		0.000000,  0.000000 ]
];
prUnarchive(o,p);
